num_scal_reads = 35

scal_read_bcm1_current = 0.0281583, 0.0279049, 0.0279467, 0.0277051, 0.0277988, 0.0274965, 0.0271257, 0.0274777, 0.0275688, 0.02759, 0.0275301, 0.0276868, 0.0276258, 0.0271165, 0.0277933, 0.02735, 0.0275933, 0.0277398, 0.027508, 0.0272562, 0.027897, 0.0273523, 0.0275191, 0.0271839, 0.0271159, 0.0276378, 0.0280016, 0.0277787, 0.0276104, 0.0277611, 0.0272009, 0.0273535, 0.0275543, 0.0276084, 0.0276944

scal_read_bcm2_current = 0.052292, 0.0523534, 0.052226, 0.0523167, 0.0523077, 0.052282, 0.0523559, 0.0523016, 0.052252, 0.0523524, 0.052194, 0.0522729, 0.0522581, 0.0521182, 0.0521985, 0.0522545, 0.0521708, 0.0522686, 0.0522729, 0.052196, 0.0522837, 0.0521875, 0.0521186, 0.0521995, 0.0522226, 0.0522655, 0.0522962, 0.0523303, 0.0523003, 0.0523616, 0.0523489, 0.0522748, 0.0523702, 0.0523966, 0.0523527

scal_read_bcm4a_current = 0.394101, 0.393294, 0.393065, 0.391198, 0.390113, 0.390125, 0.390479, 0.39117, 0.391101, 0.390309, 0.390825, 0.390991, 0.391185, 0.389856, 0.391263, 0.391904, 0.392633, 0.393144, 0.391913, 0.391939, 0.391674, 0.392084, 0.393076, 0.392916, 0.392797, 0.393876, 0.393124, 0.394245, 0.39328, 0.394118, 0.393745, 0.391812, 0.391772, 0.392015, 0.39257

scal_read_bcm4b_current = 0.9171, 0.915251, 0.916838, 0.915789, 0.91318, 0.911306, 0.914078, 0.91299, 0.914256, 0.914341, 0.916534, 0.917166, 0.917975, 0.916441, 0.914675, 0.919244, 0.918211, 0.918863, 0.913598, 0.91496, 0.91649, 0.916639, 0.915794, 0.915666, 0.915232, 0.914179, 0.91358, 0.91436, 0.912454, 0.913114, 0.916157, 0.914612, 0.913989, 0.914603, 0.915008

scal_read_bcm4c_current = 0.537265, 0.535458, 0.538408, 0.537533, 0.537821, 0.537534, 0.536054, 0.537662, 0.535747, 0.537436, 0.538767, 0.538562, 0.535403, 0.532306, 0.534038, 0.534828, 0.535518, 0.535106, 0.537394, 0.538384, 0.537196, 0.536876, 0.536394, 0.535592, 0.536959, 0.537081, 0.537167, 0.537346, 0.538226, 0.536219, 0.534863, 0.535993, 0.536112, 0.536441, 0.535547

scal_read_event = 19, 35, 56, 121, 151, 171, 186, 204, 214, 228, 240, 256, 304, 318, 335, 347, 363, 396, 413, 433, 445, 461, 481, 508, 523, 560, 574, 588, 606, 621, 633, 654, 666, 682, 1e+38