num_scal_reads = 69

scal_read_bcm1_current = 54.5741, 54.682, 54.7241, 54.8017, 54.374, 53.8625, 54.0046, 54.1228, 53.9683, 53.9635, 54.2547, 54.1398, 54.0671, 54.1698, 54.1149, 54.1025, 54.041, 54.5832, 55.1159, 54.7412, 54.8056, 54.7896, 54.8281, 54.7105, 54.866, 54.7872, 54.6911, 54.6759, 54.4513, 54.5673, 34.5298, 0.0283795, 0.0283347, 0.0284241, 0.0285358, 0.0283795, 0.306888, 6.26539, 8.06084, 12.549, 15.7239, 21.1012, 24.1247, 26.7713, 32.0299, 34.963, 37.8268, 43.7428, 46.7394, 17.4364, 0.0283125, 0.0283122, 0.0283572, 0.0282899, 0.0281559, 0.0280888, 0.0576963, 5.99269, 7.69354, 10.825, 15.2135, 20.4322, 21.0953, 27.6207, 30.4864, 34.2995, 38.9054, 41.7455, 46.4039

scal_read_bcm2_current = 54.6762, 54.7878, 54.8294, 54.9075, 54.4789, 53.9665, 54.109, 54.2283, 54.0743, 54.0702, 54.3639, 54.2493, 54.1759, 54.2811, 54.2264, 54.2148, 54.1541, 54.6974, 55.2322, 54.8573, 54.9218, 54.9072, 54.9465, 54.8295, 54.9849, 54.9062, 54.8108, 54.7961, 54.5726, 54.6887, 34.6151, 0.0522467, 0.0521942, 0.0520895, 0.0522204, 0.0522467, 0.331577, 6.29582, 8.0938, 12.5906, 15.7712, 21.1599, 24.1897, 26.8414, 32.1069, 35.0468, 37.9169, 43.8608, 46.8597, 17.4947, 0.0522729, 0.0521678, 0.0522206, 0.0521418, 0.052299, 0.0521155, 0.0819917, 6.02249, 7.72572, 10.863, 15.2593, 20.4889, 21.1533, 27.6914, 30.5611, 34.3793, 39.0001, 41.8509, 46.5294

scal_read_bcm4a_current = 54.9786, 55.0917, 55.1342, 55.2143, 54.7829, 54.2726, 54.4131, 54.5305, 54.3727, 54.3735, 54.6696, 54.5558, 54.4828, 54.5865, 54.5323, 54.525, 54.4678, 55.0126, 55.5511, 55.171, 55.2391, 55.2253, 55.2687, 55.1525, 55.3117, 55.2307, 55.1339, 55.1206, 54.8945, 55.0103, 34.9415, 0.382235, 0.383025, 0.381938, 0.382367, 0.382696, 0.64557, 6.28049, 8.09654, 12.629, 15.8358, 21.2657, 24.3141, 26.9828, 32.2821, 35.2399, 38.1247, 44.1042, 47.1234, 17.8109, 0.382301, 0.38276, 0.382993, 0.382728, 0.382827, 0.382596, 0.409754, 6.00574, 7.72473, 10.888, 15.3195, 20.5885, 21.259, 27.84, 30.7256, 34.5687, 39.2173, 42.0838, 46.7916

scal_read_bcm4b_current = 54.92, 55.0176, 55.0574, 55.1303, 54.7078, 54.1975, 54.3405, 54.4564, 54.3062, 54.3058, 54.5985, 54.4932, 54.4257, 54.5321, 54.4717, 54.4565, 54.3973, 54.9486, 55.4917, 55.1143, 55.1824, 55.166, 55.2003, 55.0851, 55.2488, 55.171, 55.0697, 55.0513, 54.8289, 54.9426, 35.1334, 1.01308, 1.01476, 1.01707, 1.0135, 1.01161, 1.245, 6.2974, 8.09697, 12.6285, 15.833, 21.2621, 24.3352, 27.0256, 32.307, 35.2519, 38.1269, 44.0878, 47.1024, 18.2142, 1.01539, 1.01476, 1.01476, 1.01413, 1.01287, 1.01245, 1.03722, 6.0267, 7.73144, 10.8885, 15.3183, 20.5853, 21.2528, 27.8664, 30.7578, 34.5999, 39.2109, 42.0694, 46.7627

scal_read_bcm4c_current = 54.8739, 54.9926, 55.031, 55.0711, 54.6712, 54.1692, 54.344, 54.4618, 54.3104, 54.3048, 54.597, 54.4795, 54.4039, 54.502, 54.4332, 54.4158, 54.3694, 54.8886, 55.4187, 55.1118, 55.1931, 55.1301, 55.1347, 55.0154, 55.1947, 55.1675, 55.0732, 55.0479, 54.8085, 54.9053, 34.9382, 0.52434, 0.524752, 0.523241, 0.523378, 0.522417, 0.778958, 6.32395, 8.13838, 12.6532, 15.8475, 21.3117, 24.3728, 27.0393, 32.3052, 35.2602, 38.1267, 44.0666, 47.0774, 17.8877, 0.522142, 0.521522, 0.522349, 0.522828, 0.522141, 0.523515, 0.552234, 6.05439, 7.78787, 10.9315, 15.3445, 20.6052, 21.2716, 27.852, 30.7195, 34.5656, 39.1873, 42.0417, 46.7223

scal_read_event = 1, 242, 455, 706, 933, 1157, 1360, 1570, 1771, 2014, 2220, 2429, 2654, 2875, 3080, 3327, 3560, 3773, 3981, 4201, 4430, 4661, 4875, 5092, 5306, 5556, 5771, 6022, 6211, 6439, 6608, 6615, 6622, 6629, 6636, 6643, 6650, 6685, 6726, 6797, 6867, 6974, 7085, 7229, 7364, 7513, 7674, 7852, 8053, 8131, 8138, 8145, 8152, 8159, 8166, 8173, 8180, 8208, 8247, 8298, 8376, 8469, 8553, 8689, 8812, 8945, 9129, 9297, 1e+38