num_scal_reads = 24

scal_read_bcm1_current = 4.73656, 4.72314, 4.72196, 4.72549, 4.71615, 4.71692, 4.71976, 4.72746, 4.7253, 4.73267, 4.72749, 4.72395, 4.72674, 4.73349, 4.73328, 4.73472, 4.73224, 4.72774, 4.71864, 4.72443, 4.70719, 4.7024, 4.71342, 4.7173

scal_read_bcm2_current = 4.76507, 4.75095, 4.74979, 4.75324, 4.74421, 4.74452, 4.74756, 4.75483, 4.75244, 4.76012, 4.75515, 4.75131, 4.7542, 4.76084, 4.76068, 4.76215, 4.75919, 4.75486, 4.74557, 4.75141, 4.73425, 4.72938, 4.74072, 4.74389

scal_read_bcm4a_current = 4.9569, 4.94484, 4.94383, 4.94618, 4.93635, 4.93604, 4.93855, 4.94428, 4.94133, 4.94857, 4.94151, 4.93903, 4.93748, 4.94486, 4.94448, 4.9402, 4.93769, 4.93724, 4.92919, 4.93207, 4.91537, 4.91094, 4.92282, 4.92457

scal_read_bcm4b_current = 4.95611, 4.94691, 4.94041, 4.94217, 4.93265, 4.93676, 4.93835, 4.95643, 4.95466, 4.96907, 4.9636, 4.95, 4.95575, 4.95599, 4.95511, 4.96346, 4.9698, 4.96288, 4.94236, 4.9568, 4.93045, 4.92598, 4.95247, 4.95014

scal_read_bcm17_current = 4.96612, 4.95156, 4.95125, 4.95288, 4.94111, 4.9451, 4.94766, 4.95411, 4.95223, 4.96071, 4.95748, 4.95224, 4.95543, 4.96136, 4.961, 4.96283, 4.95969, 4.95587, 4.94871, 4.95505, 4.93847, 4.93167, 4.9413, 4.94795

scal_read_event = 219, 7705, 10000, 17476, 20000, 27415, 30000, 37446, 40000, 47414, 50000, 57450, 60000, 67416, 70000, 77414, 80000, 87434, 90000, 97399, 100000, 107445, 110000, 1e+38