num_scal_reads = 27

scal_read_bcm1_current = 0.0279361, 0.0280567, 0.0278034, 0.0280304, 0.0276921, 0.0274668, 0.0280197, 0.0274955, 0.0272896, 0.0276146, 0.02753, 0.0276646, 0.0276325, 0.0276264, 0.0275036, 0.0276065, 0.027676, 0.0274407, 0.0275385, 0.0272272, 0.0272992, 0.0272361, 0.0279957, 0.0277855, 0.0274581, 0.0275138, 0.0277345

scal_read_bcm2_current = 0.0521084, 0.0522288, 0.0522925, 0.0523068, 0.0523622, 0.0522693, 0.0522952, 0.0523732, 0.0522989, 0.0522849, 0.0521939, 0.0522468, 0.052288, 0.0522047, 0.0522296, 0.0522268, 0.052251, 0.052194, 0.0522315, 0.0521886, 0.0521119, 0.0523036, 0.0522603, 0.0522893, 0.0523272, 0.0523568, 0.0524

scal_read_bcm4a_current = 0.394207, 0.393701, 0.391927, 0.391162, 0.391305, 0.39145, 0.390648, 0.389852, 0.390848, 0.390743, 0.390825, 0.390992, 0.391469, 0.391296, 0.390639, 0.392707, 0.3927, 0.391912, 0.391888, 0.393016, 0.392902, 0.393562, 0.393342, 0.393549, 0.393933, 0.391864, 0.392542

scal_read_bcm4b_current = 0.914649, 0.916311, 0.915956, 0.915776, 0.91623, 0.916038, 0.913756, 0.911927, 0.913499, 0.914292, 0.916532, 0.917168, 0.915605, 0.918431, 0.916984, 0.918672, 0.919153, 0.913595, 0.916017, 0.915588, 0.915716, 0.915984, 0.911896, 0.913465, 0.914631, 0.914392, 0.914941

scal_read_bcm4c_current = 0.538534, 0.536273, 0.538093, 0.535029, 0.537738, 0.539563, 0.538302, 0.537395, 0.536912, 0.53658, 0.538766, 0.538563, 0.536004, 0.534713, 0.533964, 0.535485, 0.534064, 0.537461, 0.537495, 0.535863, 0.535821, 0.537088, 0.53694, 0.537546, 0.535581, 0.536179, 0.53551

scal_read_event = 1, 35, 76, 95, 105, 121, 137, 171, 204, 228, 240, 256, 270, 283, 335, 375, 396, 413, 461, 492, 508, 546, 560, 606, 633, 682, 1e+38