num_scal_reads = 22

scal_read_bcm1_current = 54.6367, 54.6519, 54.3525, 54.8813, 54.4651, 54.6611, 54.5022, 54.762, 54.4916, 54.5602, 54.5272, 54.5868, 54.5646, 54.7133, 53.4547, 0.0261002, 0.0258536, 0.0259961, 0.0259506, 0.0264353, 0.0261, 25.3089

scal_read_bcm2_current = 54.7254, 54.7407, 54.4452, 54.9712, 54.5553, 54.7567, 54.595, 54.8553, 54.5854, 54.6548, 54.6234, 54.684, 54.6621, 54.814, 53.5528, 0.052299, 0.0523506, 0.0523177, 0.0522842, 0.0523775, 0.052194, 25.3636

scal_read_bcm4a_current = 55.0034, 55.0147, 54.7165, 55.2318, 54.8212, 55.047, 54.871, 55.1323, 54.8657, 54.9249, 54.9011, 54.953, 54.9397, 55.1098, 53.8471, 0.363242, 0.363034, 0.363784, 0.364683, 0.363702, 0.363406, 25.4995

scal_read_bcm4b_current = 54.9458, 54.9542, 54.6613, 55.1752, 54.7717, 54.9798, 54.8127, 55.0678, 54.7986, 54.8703, 54.8296, 54.8901, 54.8792, 55.0395, 53.7867, 1.04183, 1.04389, 1.04154, 1.03942, 1.04037, 1.04015, 25.5687

scal_read_bcm4c_current = 54.857, 54.873, 54.6093, 55.1124, 54.6966, 54.9084, 54.7427, 55.026, 54.784, 54.8159, 54.765, 54.8492, 54.835, 54.9801, 53.7315, 0.540485, 0.540724, 0.541642, 0.540402, 0.540142, 0.53966, 25.4864

scal_read_event = 76387, 230000, 376309, 666359, 1.09632e+06, 1.48628e+06, 1.65e+06, 1.67e+06, 1.68e+06, 1.79634e+06, 1.84634e+06, 2.41635e+06, 2.49637e+06, 2.74e+06, 2.81538e+06, 2.81539e+06, 2.8154e+06, 2.81542e+06, 2.81543e+06, 2.81544e+06, 2.81545e+06, 1e+38