num_scal_reads = 69

scal_read_bcm1_current = 54.5627, 54.6821, 54.7241, 54.8016, 54.3741, 53.8626, 54.0053, 54.123, 53.9658, 53.9647, 54.2533, 54.1373, 54.0688, 54.1709, 54.1141, 54.0988, 54.0425, 54.5981, 55.1124, 54.739, 54.803, 54.7911, 54.8274, 54.7117, 54.8661, 54.7843, 54.6907, 54.6714, 54.4489, 54.5793, 33.9784, 0.0284466, 0.0283345, 0.0283123, 0.0286027, 0.0283126, 0.306687, 6.26529, 8.06085, 12.5635, 15.7419, 21.1003, 24.1743, 26.771, 32.0299, 34.9628, 37.8269, 43.7425, 46.7391, 17.4381, 0.0283571, 0.0283344, 0.028402, 0.0282005, 0.028111, 0.0280889, 0.0575621, 5.99265, 7.69351, 10.6707, 15.2158, 20.231, 21.1003, 27.2175, 30.1536, 34.311, 38.5337, 41.3464, 46.3629

scal_read_bcm2_current = 54.6757, 54.7877, 54.8295, 54.9075, 54.4789, 53.9666, 54.1097, 54.2285, 54.0718, 54.0715, 54.3626, 54.2466, 54.1779, 54.2819, 54.2256, 54.2113, 54.1554, 54.7125, 55.2287, 54.8551, 54.9193, 54.9085, 54.9459, 54.8306, 54.985, 54.9032, 54.8105, 54.7916, 54.5702, 54.7006, 34.0628, 0.0522206, 0.052194, 0.052168, 0.052194, 0.0521683, 0.331341, 6.29582, 8.09382, 12.6051, 15.7892, 21.159, 24.2393, 26.8412, 32.1068, 35.0466, 37.917, 43.8604, 46.8596, 17.4965, 0.0522204, 0.0520891, 0.0522731, 0.0521418, 0.0522463, 0.0522204, 0.0817297, 6.02256, 7.72557, 10.7085, 15.2616, 20.2872, 21.1583, 27.2874, 30.228, 34.3907, 38.6274, 41.4501, 46.4881

scal_read_bcm4a_current = 54.9781, 55.0916, 55.1343, 55.2143, 54.7829, 54.2726, 54.4139, 54.5306, 54.3703, 54.3748, 54.6681, 54.5532, 54.4846, 54.5874, 54.5315, 54.5214, 54.4692, 55.0277, 55.5476, 55.1688, 55.2364, 55.227, 55.268, 55.1537, 55.3121, 55.2274, 55.1338, 55.1159, 54.8921, 55.0226, 34.3892, 0.382236, 0.382991, 0.381938, 0.382399, 0.382697, 0.645339, 6.28041, 8.09656, 12.6437, 15.8539, 21.2647, 24.364, 26.9826, 32.2821, 35.2396, 38.1247, 44.104, 47.1232, 17.8127, 0.382334, 0.38276, 0.382993, 0.382728, 0.382793, 0.38263, 0.409556, 6.0057, 7.72468, 10.7321, 15.322, 20.3852, 21.264, 27.4336, 30.3902, 34.5802, 38.8422, 41.6806, 46.7496

scal_read_bcm4b_current = 54.914, 55.0177, 55.0573, 55.1302, 54.7078, 54.1976, 54.3416, 54.4565, 54.3038, 54.3069, 54.5971, 54.4908, 54.4276, 54.5326, 54.471, 54.453, 54.399, 54.9635, 55.4884, 55.1122, 55.1797, 55.1671, 55.1998, 55.0861, 55.2493, 55.1681, 55.0694, 55.0469, 54.8266, 54.9545, 34.5882, 1.01308, 1.01455, 1.01728, 1.0135, 1.01162, 1.24479, 6.29716, 8.09699, 12.6433, 15.8509, 21.2612, 24.3853, 27.0254, 32.3073, 35.2516, 38.1268, 44.0874, 47.1023, 18.2159, 1.01539, 1.01476, 1.01455, 1.01434, 1.01287, 1.01245, 1.03701, 6.02671, 7.73143, 10.7325, 15.3207, 20.3822, 21.2581, 27.4573, 30.4235, 34.6113, 38.8386, 41.6663, 46.7257

scal_read_bcm4c_current = 54.8715, 54.9927, 55.0309, 55.071, 54.6712, 54.1693, 54.3449, 54.462, 54.3078, 54.3061, 54.5953, 54.4772, 54.4058, 54.5025, 54.4326, 54.4123, 54.3704, 54.903, 55.4156, 55.111, 55.1902, 55.1309, 55.1344, 55.0165, 55.1965, 55.1647, 55.0728, 55.0432, 54.8055, 54.9174, 34.3883, 0.524341, 0.524751, 0.52324, 0.523377, 0.522418, 0.778752, 6.32387, 8.13832, 12.6678, 15.8656, 21.3113, 24.4224, 27.039, 32.3053, 35.26, 38.1267, 44.0663, 47.0772, 17.8894, 0.52221, 0.521521, 0.522349, 0.522828, 0.52214, 0.523447, 0.552096, 6.0544, 7.78779, 10.7767, 15.3465, 20.4025, 21.2762, 27.4468, 30.3849, 34.5773, 38.814, 41.6404, 46.6798

scal_read_event = 1, 241, 455, 706, 933, 1157, 1363, 1571, 1772, 2014, 2221, 2432, 2657, 2879, 3081, 3333, 3562, 3778, 3985, 4202, 4431, 4663, 4880, 5095, 5316, 5559, 5774, 6027, 6217, 6444, 6608, 6615, 6622, 6629, 6636, 6643, 6650, 6685, 6726, 6798, 6868, 6976, 7085, 7229, 7364, 7513, 7674, 7852, 8053, 8131, 8138, 8145, 8152, 8159, 8166, 8173, 8180, 8208, 8247, 8297, 8373, 8465, 8551, 8680, 8805, 8934, 9119, 9284, 1e+38